Ac VERBORUM.

Diem vox 10 1060011000 0000060 1010111-
genda. 11166

11110 meximeque 10010 0001μο11000. ii. 11,

. 1,r

Δικαιώματα. 1. 1, m

Δικαστική qun 6010101011. 1. 6,6,1

Diligendorum grades. 1. 2, 8, 10

1110100110 0100010010 001600 ouibus 110110. 111.
l, 16

11101006οο00 0100100010 11110110. 111 11, 11

Dimidium 0001000 60 integrm intelligendum.
11.16,6

11100060 predo 000110. 111. 6,18

11100011οηὶ0 000006006ιο 001 0000060 re·
tionee. 111. 6, 18, 1

11100ὶο1100 011110τί0 Romane 111.18,1,1

110οο000061 101030 00001100000000. 11. 10,
26, 16

000000οο mmmm 00 equitate 0 eo,
27

1110600106000110110. 111.1,7

Divisio rerum 06 bellum 01100600. 111,1,
mozel

Divortio olim 110110, chrumno prohibite. 11.
5, 9,1

110 01600. 11. 11, 6,1

110100οο0 601 joe oooideudi. 11111, 16, 6

110100 bonus 0010. 111, 1, 6, 6. An ex genere
0000000010000. 111. 1, 6, 4. 10 bello 00
1101100, 010010. 111. 1, 6, 1,1. 110110011
vox. 11. 10, 1,1. 11010 contrahere 06 quem
restitutionem 10000100. 11. 17, 17. 1100
hortium 000000 lieet. iii. 6, 11, 2. 110110
0100110000 generorum. 111110, 1

11000011 moetus dieflngoendi 06000010. 11.
611

1100001000. Vade Patrimonium 000011.

1100100110 00000000 06 regnum 0000611. 111.
16,8

1100101001 externum. 111. 6, 6, 1. 110100011101Ι
01 000 01100 0000101100. 111. 6,9, 1. 11001001
0060, 11. 6, 6. 10100110 0060. 1616. 000-
6111000100.11.3,16,1. Rerum, 000 000·
dere, 0000000, 01 numero 00001001, quoodo
0000001 11. 10,11. Externum 6001010000.

’ 111. 7, 6, 1,6

11001010 0000060 10100001 01101000010010.

,11162166111

11001000 001 0001000060 01, 001 60000011, 01
00000. 111111, 4. Qui 6000060011, 00
servo crederetur, 1000100 60 peculio 00110
rem 00000. 11.10,1,1

Dominum rei, 0000 posidet, ignorent, oe·

· 0101 10001000 11. 16, 11

419

Domini rerem, 000 60 0001 jueta 0001, 000·
100 01001110 00001001. 1116,1,2

110000 incendere 1010000000. 111. 11,1,1

1100000 pro 1000010000. 11. 16, 6

11000110 00 receptui 000011 mortuo 60001000.
11. 11 , 17

1100060000 0 magistri· 0111100 seete. 1116,
17,6

Δωροφόροι servi 0060. 111. 14, ὅ, ³

Dubitare 0010 001001 000100οὴ1100, 000 eo·
1100. 11.16,4,2

Βο11100000161100 00 reete 0111101. 11. 16, 1,
4,8. 1101000 0016 100000 debeat. 11. m,
4. Quomodo 06 1061000600 dirigi 00061.
11.13,1,2; 11.16,6,1

11001100. Vide 1110100110 singularia.

110ιο000010 0010 11111, 1. 11111100 00010000
obliget. 111126. 110 belli 000010100οι·
10000 000 001001. 111. 21, 7. 10600100 dere
001001. 111. 21, 8. Ηο01000,1000010,00000
jem eequieite 000006000 000 001001. 111. 11,
6,1, 2. (100600οτ0 001001 nondum 0010·
eim, etiem 001 summm dux 000 001. 1616.

110010 beliijm eximium 10 prede. 111. 6, 17, 6

, 110000 60111 6100000010οα 00060 0006 110-

menos. 111. 6, 16. 1100001 0000060 00
gesserint 01000 praedem. 111. 6, 16, 1, 2.
Quidem 60 0006001111 600000000001. 111. 6,
16,1,6117,4. Quomodo obligentur ex bello
0000100

110000 00010 quem recipient 10100001οὸ
tionem. iii. 11, 11

Duratio 001 0010000 000 00101. 1. 6, 11

Ε.

11001060 jue 00 hebent 10 10660100. 1111,
14,1

Ἔκδικιῖν 0016 0006 reulum 6000101000. 1. 6,
6,6

Elpeio, 0016. 11. 16, 6,6

Ε1000001100100. 111. 1181

11110000 indignum 0010061100 1000100. 11.17,6

Emere rem 0110000 0001110000 000 venditori
000 001001 11. 16, 10

800011 pigram 0 creditore 1000100 001 oppig-
0000011, 01100 01 000011011οη0. 11.10,1,1.[.

110100 rei 00010 110110 1010010 00 001610.
0006116060001. 111. 16, 6

’6000000660ιο 11. 16, 4, 1

Ἔνεχυριασμώ. 111. 1,1, 1

’6000101 1. 1, 9,1

'horinum 11. 1616, 1

27-2

 

