10 1111011111. 42⁷

Liberorum 0111 1010011111 111111110011 000- 1100101 101 1016101111 mulie 10111111. 1,4,
111111 1111110. 111112, 2, 8 6, 3, 4. Ex quibue 61111111 teneatur. 11. 17,
11111111111160 juste 1111100110. 11. 21111 20,1. Au 1000111111, 00 (1106 1 111111
ii. 4‚14, 1, 2. Quo 10011 0111111111. 1122, 0111101111 101 exegerint. 1116. oppium

113iii. ’1, 1,1. An 111 11110011, gruis iu· 11110111 obliget. iii. 22,6

1116111 6011101160, ii. 24, 6, 1, 21 Ι. 1, 11111116111101111. iii. 22, 9,2

19, 2 · 111111061111101 opinio 60 1000161110 10111.
libertati proferende 1111 101111 101111. ii. 10110011 111113

216, 2,3 Mejeetue 11061111111011110110111111111111.1
Libere· 101111 (1116 significet. i. 3, 12, 1, 2. 3, 21, 1, 2. Quid 111. ibid.

81061101101011111111 ex 11010 superiorum. 141101111111 jure 10111010 emittuntur. 114,

iii. 2, 2, 1. 60111161 100 praesumitur 11)· 10, 3111000111010 11μο centena. 117,

uinta 1. 11111 rur
11001011010100110100.11.12,26,1;111.4,2, 111161061110110111010111111611111.1111,

2,61011.10,1,612,1,2.201111131111111 16

6111601601111110011. 1114,2,1,2. Quer- 1111611160 (0101) qui 0011111111, 01111111

dem 61011111, queo 1001111 111101 111111. 111 111161111111111161111101006110111111111.

4, 2, 1, 61 011. 10,1,1,2,1. 0111111111- ii. 11, 11

tem. ir. 4, 2, 2, 11 011. 10, 1, 3. 0110111110 11116111611 1111611111 11006001111060 001

ei (1106 60001, 111 0101101. 1114,2,2,610111. obliget. 1116.

111111 uranum eu 1016010101. 1111, 111
Limeu 01111111 16011. iii. 2,1 11116111111110111011101111101011111011001.
Limiteei egri. 113,16,1; ii. 8, 12,1 ii. 16, 21. 111006οη1, 01 110 0111 1110 001·
111 101011 utrinque 0110 eine 1000110. ii. 23, inirent, 16 quid obligetur. 111 22, 4, 1, 6.

13,3 00106101111011101110110.11118,1,4
1101011101.11.1,1 111161111111101,110 111111 61011116101111
16111110 0111161111 quo 101111 vetitum. 12. piretu. ii. 17, 20, 1 ·

'8‚e;ii.24‚r,4 1611160061111001110110001111101113,
1111111 quorum. ἰ16,2,2 10
11001111010110010101110 11001111001000· 16111010166. 1116, 16,1

01100101 1110111010. ii. 2, 10,1 11101111601110161110101111610110011010·
100101111111111010111111 111111111110100- 1111111.14,6,4,6

6001 iu 10116111 exigere 101111. ii. 12, 19 Marcelli (11.) 1106111110 11 60101111. iii. 12,
110111011101 00060000111 111111 11. 12, 18 7,2
11001101· 101110 1011 100101, 0016101011 1010111 111101 10111011 preferuntur 11 regui} 1101010

60 00 quod percipit. 1116010111 16 (1116 6011111. ii. 7, 17

10100101. ii. 12, 19 16110 improprium 6011 101111, 11 10111 001·
1001111111 01 10 1111111, 0110111 16 retii· 11101111. 112,3,1,2. Nou 6161111. 112,

tutionem tenetur, 0111110. ii. 10,2,1,112 3, 2, 3, 1u fundum nummum. 0, 11112.
1001110 60 futuro 1011111 1010111111 quo· 00011160110111111 16 11111111 10611. 11.

111101. 11.11,2,3 3,11. 1111111161 jue 11 meri. 11. un.
1001110011 ambigue 01111160 (1101606610. 1110611111111 quorum eit. ii.3,18

iii. 1,10,13 lieri· 1111111110οω 00011111 poerit. ii. 18,
11600101 01 01101111 001110101111 60 111610- 11, 1

1110. ii. 7,12 11111111 01101 1110111 quo 11111. 11 118

1611011111 110 eommunibue. 11 1119

Μ’ 111101110110601111110011111110.117,8,1

111οω101110Πο eujuverune 011111001. Vide 11116101111011116111011110111110. 11. 18,
11110101 ii. 15, 9,6 2. Au irritum 6011010010 00010011 11101-
110001110101111 1061101111 (111111- 14,7,6 1111.11.6,10,1,2,3.11111111 011111101111
11100600110101111116111 1110111 ii. 21, 16 eirenen conjuge. ii. 6, 11. Ad morgen·
unguuntur 10101101011111111111111111111 he· gebiuem. 111113. Apud 1010111 Rom
1101611110 106110101011011111. 14,6,1, 101101160111010110111110111111.111.2,9,2
6. curuum! Penii 00101011111. Meeiuouiipeeieioiujuete 1011101111. 1122,

 

